----------------------------------
0
0
0
0
----------------------------------
3
0
0
0
0
----------------------------------
3
0
0
0
----------------------------------
3
3
0
0
0
----------------------------------
3
0
0
0
----------------------------------
3
0
0
0
----------------------------------
3
21
0
0
3
0
0
0
----------------------------------
3
3
21
0
0
3
0
0
0
----------------------------------
3
21
0
0
3
0
0
0
----------------------------------
3
21
0
0
3
0
0
0
----------------------------------
0
3
14
4
4
3
21
0
0
3
0
0
0
----------------------------------
3
0
3
14
4
4
3
21
0
0
3
0
0
0
----------------------------------
3
3
14
4
4
3
21
0
0
3
0
0
0
----------------------------------
3
3
3
14
4
4
3
21
0
0
3
0
0
0
----------------------------------
3
3
3
14
4
4
3
21
0
0
3
0
0
0
----------------------------------
3
3
3
14
4
4
3
21
0
0
3
0
0
0
----------------------------------
3
21
0
0
3
0
0
0
----------------------------------
3
0
0
0
----------------------------------
----------------------------------
