----------------------------------
0
0
0
0
0
----------------------------------
2
0
0
0
0
0
----------------------------------
0
2
0
0
0
----------------------------------
99
0
2
0
0
0
----------------------------------
99
2
0
0
0
----------------------------------
2
99
2
0
0
0
----------------------------------
99
2
0
0
0
----------------------------------
99
2
0
0
0
----------------------------------
0
2
27
0
0
99
2
0
0
0
----------------------------------
2
0
2
27
0
0
99
2
0
0
0
----------------------------------
2
2
27
0
0
99
2
0
0
0
----------------------------------
2
2
2
27
0
0
99
2
0
0
0
----------------------------------
3
2
2
2
27
0
0
99
2
0
0
0
----------------------------------
5
2
2
27
0
0
99
2
0
0
0
----------------------------------
5
2
27
0
0
99
2
0
0
0
----------------------------------
5
5
2
27
0
0
99
2
0
0
0
----------------------------------
5
5
2
27
0
0
99
2
0
0
0
----------------------------------
5
5
2
27
0
0
99
2
0
0
0
----------------------------------
99
2
0
0
0
----------------------------------
2
99
2
0
0
0
----------------------------------
99
2
0
0
0
----------------------------------
99
2
0
0
0
----------------------------------
2
30
0
0
99
2
0
0
0
----------------------------------
99
2
30
0
0
99
2
0
0
0
----------------------------------
99
2
30
0
0
99
2
0
0
0
----------------------------------
99
2
30
0
0
99
2
0
0
0
----------------------------------
99
2
0
0
0
----------------------------------
----------------------------------
