----------------------------------
0
0
0
0
----------------------------------
3
0
0
0
0
----------------------------------
3
0
0
0
----------------------------------
3
0
0
0
----------------------------------
0
21
0
0
3
0
0
0
----------------------------------
12
0
21
0
0
3
0
0
0
----------------------------------
12
21
0
0
3
0
0
0
----------------------------------
12
21
0
0
3
0
0
0
----------------------------------
0
16
4
4
12
21
0
0
3
0
0
0
----------------------------------
12
0
16
4
4
12
21
0
0
3
0
0
0
----------------------------------
12
16
4
4
12
21
0
0
3
0
0
0
----------------------------------
12
12
16
4
4
12
21
0
0
3
0
0
0
----------------------------------
12
12
16
4
4
12
21
0
0
3
0
0
0
----------------------------------
12
12
16
4
4
12
21
0
0
3
0
0
0
----------------------------------
5
12
12
16
4
4
12
21
0
0
3
0
0
0
----------------------------------
12
12
16
4
4
5
21
0
0
3
0
0
0
----------------------------------
5
21
0
0
3
0
0
0
----------------------------------
3
0
0
0
----------------------------------
3
3
0
0
0
----------------------------------
3
3
0
0
0
----------------------------------
3
3
0
0
0
----------------------------------
----------------------------------
