----------------------------------
0
0
0
0
----------------------------------
3
0
0
0
0
----------------------------------
3
0
0
0
----------------------------------
3
0
0
0
----------------------------------
19
0
0
3
0
0
0
----------------------------------
19
0
0
3
0
0
0
----------------------------------
0
14
0
4
19
0
0
3
0
0
0
----------------------------------
3
0
14
0
4
19
0
0
3
0
0
0
----------------------------------
3
14
0
4
19
0
0
3
0
0
0
----------------------------------
3
3
14
0
4
19
0
0
3
0
0
0
----------------------------------
3
3
14
0
4
19
0
0
3
0
0
0
----------------------------------
3
3
14
0
4
19
0
0
3
0
0
0
----------------------------------
5
3
3
14
0
4
19
0
0
3
0
0
0
----------------------------------
3
3
14
0
4
19
0
0
5
0
0
0
----------------------------------
19
0
0
5
0
0
0
----------------------------------
5
0
0
0
----------------------------------
5
5
0
0
0
----------------------------------
5
5
0
0
0
----------------------------------
5
5
0
0
0
----------------------------------
----------------------------------
